[Settings]
game_resolution = 0
volume_threshold = 8200
tracking_zone = (421, 411, 606, 441)
bait_inventory = (1186, 648)
food_inventory = (1186, 648)
detection_threshold = 0.550000011920929
debug = true
cast_time = 15
launch_time1 = 0.6499999761581421
launch_time2 = 0.6499999761581421
launch_time3 = 0.6499999761581421
launch_time4 = 0.6499999761581421
last_food_time = 00:00
